	A	B	C	D	E	F	G	H
A	0	159	99	121	143	48	98	3
B	159	0	114	110	74	58	120	24
C	99	114	0	123	153	63	109	90
D	121	110	123	0	24	14	54	131
E	143	74	153	24	0	96	140	5
F	48	58	63	14	96	0	55	78
G	98	120	109	54	140	55	0	152
H	3	24	90	131	5	78	152	0
