	A	B	C	D	E	F	G	H	I	J
A	0	146	76	196	142	25	104	191	54	168
B	146	0	126	120	174	66	142	150	160	123
C	76	126	0	169	166	1	43	189	176	76
D	196	120	169	0	185	86	27	85	126	112
E	142	174	166	185	0	52	70	107	165	164
F	25	66	1	86	52	0	3	24	105	127
G	104	142	43	27	70	3	0	33	145	102
H	191	150	189	85	107	24	33	0	73	56
I	54	160	176	126	165	105	145	73	0	102
J	168	123	76	112	164	127	102	56	102	0
